1.0875e-05 
2.0542e-05 
2.7833e-05 
4.0667e-05 
5.1333e-05 
5.8959e-05 
6.3875e-05 
8.2584e-05 
0.000109666 
0.000112208 
0.000107167 
0.000101166 
0.000111292 
0.000119333 
0.000128334 
0.000124958 
0.000141125 
0.000150792 
0.000152834 
0.000153792 
0.000160125 
0.000197708 
0.000166166 
0.000179416 
0.000209166 
0.00022375 
0.000218166 
0.000231875 
0.00021325 
0.000243958 
0.000272917 
0.000276375 
0.000447125 
0.00029125 
0.000295042 
0.000302583 
0.000317417 
0.000326667 
0.000328708 
0.000356666 
0.000344791 
0.000360666 
0.000414792 
0.000390458 
0.000383125 
0.000382541 
0.00040825 
0.000428625 
0.000425542 
0.000456792 
0.000461333 
0.000503583 
0.0005165 
0.000506667 
0.000498666 
0.000559375 
0.000528834 
0.000595833 
0.000524667 
0.000542958 
0.000557083 
0.000579167 
0.000598333 
0.000583542 
0.000582334 
0.000606542 
0.00059275 
0.000618333 
0.000932625 
0.000646833 
0.00066625 
0.000662375 
0.000733291 
0.000686417 
0.000702375 
0.000711125 
0.000773334 
0.000746542 
0.00074325 
0.000750458 
0.000800542 
0.000784833 
0.0008125 
0.00079025 
0.00084775 
0.000810834 
0.000813834 
0.000858334 
0.000833917 
0.000959 
0.000857625 
0.000874791 
0.000866334 
0.000886583 
0.000953875 
0.00101487 
0.00106537 
0.000956833 
0.000934625 
0.000940792 
0.000942042 
0.000954542 
0.00104813 
0.00127263 
0.00115613 
0.00114071 
0.00112804 
0.00101217 
0.00105983 
0.00101321 
0.00102646 
0.00105558 
0.00112167 
0.00350346 
0.00107942 
0.00122133 
0.00110987 
0.00127592 
0.00111542 
0.00120692 
